0 250 250 2.000000
0 250 308 2.000000
0 250 307 2.000000
0 234 234 2.000000
0 194 194 2.000000
0 194 290 2.000000
0 194 294 2.000000
0 194 383 2.000000
0 194 407 2.000000
0 194 262 2.000000
0 194 340 2.000000
0 194 229 2.000000
0 194 344 2.000000
0 194 240 2.000000
0 194 382 2.000000
0 194 264 2.000000
0 194 248 2.000000
0 194 207 2.000000
0 194 201 2.000000
0 194 373 2.000000
1 194 220 57.999232
1 194 256 57.999232
1 170 170 61.086889
1 170 242 61.086889
1 170 222 61.086889
1 170 194 61.086889
1 170 225 61.086889
1 170 308 61.086889
1 170 204 61.086889
1 170 345 61.086889
1 170 214 61.086889
1 170 241 61.086889
1 170 242 61.086889
1 170 239 61.086889
1 170 302 61.086889
1 170 277 61.086889
1 170 241 61.086889
1 170 252 61.086889
1 170 335 61.086889
1 170 210 61.086889
2 170 213 146.056316
2 161 161 140.927130
2 161 255 140.927130
2 161 173 140.927130
2 161 192 140.927130
2 161 267 140.927130
2 161 243 140.927130
2 161 250 140.927130
2 161 202 140.927130
2 161 187 140.927130
2 129 129 146.854287
2 129 187 146.854287
2 129 152 146.854287
2 129 198 146.854287
2 129 190 146.854287
2 129 242 146.854287
2 129 214 146.854287
2 129 285 146.854287
2 129 210 146.854287
2 129 240 146.854287
3 129 139 269.749880
3 129 275 269.749880
3 129 239 269.749880
3 129 261 269.749880
3 129 254 269.749880
3 129 271 269.749880
3 129 165 269.749880
3 129 139 269.749880
3 129 159 269.749880
3 129 313 269.749880
3 129 259 269.749880
3 129 214 269.749880
3 129 213 269.749880
3 129 210 269.749880
3 129 276 269.749880
3 129 135 269.749880
3 129 175 269.749880
3 129 231 269.749880
3 129 191 269.749880
3 129 207 269.749880
4 129 157 396.610414
4 129 224 396.610414
4 129 133 396.610414
4 129 140 396.610414
4 129 249 396.610414
4 129 235 396.610414
4 129 162 396.610414
4 129 247 396.610414
4 129 217 396.610414
4 129 296 396.610414
4 129 374 396.610414
4 129 204 396.610414
4 129 178 396.610414
4 129 249 396.610414
4 129 129 396.610414
4 129 238 396.610414
4 129 275 396.610414
4 129 270 396.610414
4 129 231 396.610414
4 129 192 396.610414
5 129 160 508.420002
5 129 242 508.420002
5 129 242 508.420002
5 129 250 508.420002
5 129 210 508.420002
5 129 156 508.420002
5 129 157 508.420002
5 129 211 508.420002
5 129 239 508.420002
5 129 255 508.420002
5 129 214 508.420002
5 129 165 508.420002
5 129 139 508.420002
5 129 313 508.420002
5 129 163 508.420002
5 129 186 508.420002
5 129 156 508.420002
5 129 135 508.420002
5 129 192 508.420002
5 129 239 508.420002
6 129 198 630.397671
6 129 271 630.397671
6 129 245 630.397671
6 129 247 630.397671
6 129 242 630.397671
6 129 275 630.397671
6 129 211 630.397671
6 129 129 630.397671
6 129 247 630.397671
6 129 129 630.397671
6 129 253 630.397671
6 129 233 630.397671
6 129 220 630.397671
6 129 220 630.397671
6 129 129 630.397671
6 129 252 630.397671
6 129 178 630.397671
6 129 221 630.397671
6 129 202 630.397671
6 129 270 630.397671
7 129 214 748.924156
7 129 214 748.924156
7 129 178 748.924156
7 129 194 748.924156
7 129 129 748.924156
7 129 139 748.924156
7 129 239 748.924156
7 129 255 748.924156
7 129 275 748.924156
7 129 266 748.924156
7 129 239 748.924156
7 129 199 748.924156
7 129 167 748.924156
7 129 214 748.924156
7 129 249 748.924156
7 129 179 748.924156
7 129 186 748.924156
7 129 239 748.924156
7 129 198 748.924156
7 129 129 748.924156
8 129 135 871.513605
8 129 167 871.513605
8 129 244 871.513605
8 129 250 871.513605
8 129 129 871.513605
8 129 137 871.513605
8 129 242 871.513605
8 129 194 871.513605
8 129 185 871.513605
8 129 139 871.513605
8 129 187 871.513605
8 129 159 871.513605
8 129 265 871.513605
8 129 211 871.513605
8 129 139 871.513605
8 129 220 871.513605
8 129 214 871.513605
8 129 179 871.513605
8 129 239 871.513605
8 129 231 871.513605
9 129 214 1004.651459
9 129 270 1004.651459
9 129 198 1004.651459
9 129 241 1004.651459
9 129 167 1004.651459
9 129 233 1004.651459
9 129 200 1004.651459
9 129 214 1004.651459
9 129 258 1004.651459
9 129 238 1004.651459
9 129 177 1004.651459
9 129 198 1004.651459
9 129 143 1004.651459
9 129 191 1004.651459
9 129 129 1004.651459
9 129 242 1004.651459
9 129 177 1004.651459
9 129 170 1004.651459
9 129 183 1004.651459
9 129 129 1004.651459
10 129 215 1124.640093
10 129 214 1124.640093
10 129 139 1124.640093
10 129 202 1124.640093
10 129 186 1124.640093
10 129 239 1124.640093
10 129 129 1124.640093
10 129 129 1124.640093
10 129 264 1124.640093
10 129 250 1124.640093
10 129 239 1124.640093
10 129 129 1124.640093
10 129 194 1124.640093
10 129 211 1124.640093
10 129 239 1124.640093
10 129 133 1124.640093
10 129 261 1124.640093
10 129 142 1124.640093
10 129 133 1124.640093
10 129 186 1124.640093
11 129 129 1267.459459
11 129 198 1267.459459
11 129 220 1267.459459
11 129 129 1267.459459
11 129 239 1267.459459
11 129 194 1267.459459
11 129 250 1267.459459
11 129 214 1267.459459
11 129 170 1267.459459
11 129 239 1267.459459
11 129 129 1267.459459
11 129 129 1267.459459
11 129 129 1267.459459
11 129 156 1267.459459
11 129 214 1267.459459
11 129 189 1267.459459
11 129 265 1267.459459
11 129 129 1267.459459
11 129 129 1267.459459
11 129 260 1267.459459
12 129 275 1417.506352
12 129 161 1417.506352
12 129 210 1417.506352
12 129 299 1417.506352
12 129 129 1417.506352
12 129 133 1417.506352
12 129 174 1417.506352
12 129 139 1417.506352
12 129 129 1417.506352
12 129 239 1417.506352
12 129 129 1417.506352
12 129 129 1417.506352
12 129 186 1417.506352
12 129 182 1417.506352
12 129 240 1417.506352
12 129 214 1417.506352
12 129 161 1417.506352
12 129 223 1417.506352
12 129 249 1417.506352
12 129 140 1417.506352
13 129 241 1561.229188
13 129 223 1561.229188
13 129 239 1561.229188
13 129 294 1561.229188
13 129 240 1561.229188
13 129 239 1561.229188
13 129 242 1561.229188
13 129 198 1561.229188
13 129 129 1561.229188
13 129 214 1561.229188
13 129 219 1561.229188
13 129 129 1561.229188
13 129 129 1561.229188
13 129 170 1561.229188
13 129 293 1561.229188
13 129 129 1561.229188
13 129 152 1561.229188
13 129 198 1561.229188
13 129 226 1561.229188
13 129 252 1561.229188
14 129 129 1672.304583
14 129 129 1672.304583
14 129 239 1672.304583
14 129 239 1672.304583
14 129 129 1672.304583
14 129 240 1672.304583
14 129 214 1672.304583
14 129 215 1672.304583
14 129 145 1672.304583
14 129 239 1672.304583
14 129 175 1672.304583
14 129 256 1672.304583
14 129 227 1672.304583
14 129 129 1672.304583
14 129 239 1672.304583
14 129 152 1672.304583
14 129 148 1672.304583
14 129 172 1672.304583
14 129 192 1672.304583
14 129 193 1672.304583
15 129 232 1805.026122
15 129 129 1805.026122
15 129 129 1805.026122
15 129 129 1805.026122
15 129 129 1805.026122
15 129 239 1805.026122
15 129 129 1805.026122
15 129 140 1805.026122
15 129 245 1805.026122
15 129 239 1805.026122
15 129 231 1805.026122
15 129 152 1805.026122
15 129 170 1805.026122
15 129 239 1805.026122
15 129 194 1805.026122
15 129 239 1805.026122
15 129 202 1805.026122
15 129 175 1805.026122
15 129 129 1805.026122
15 129 267 1805.026122
16 129 214 1950.550809
16 129 198 1950.550809
16 129 258 1950.550809
16 129 233 1950.550809
16 129 252 1950.550809
16 129 186 1950.550809
16 129 167 1950.550809
16 129 257 1950.550809
16 129 129 1950.550809
16 129 229 1950.550809
16 129 256 1950.550809
16 129 239 1950.550809
16 129 129 1950.550809
16 129 242 1950.550809
16 129 170 1950.550809
16 129 275 1950.550809
16 129 239 1950.550809
16 129 214 1950.550809
16 129 239 1950.550809
16 129 140 1950.550809
17 129 129 2046.586937
17 129 252 2046.586937
17 129 163 2046.586937
17 129 206 2046.586937
17 129 129 2046.586937
17 129 252 2046.586937
17 129 313 2046.586937
17 129 129 2046.586937
17 129 167 2046.586937
17 129 129 2046.586937
17 129 170 2046.586937
17 129 191 2046.586937
17 129 129 2046.586937
17 129 174 2046.586937
17 129 147 2046.586937
17 129 140 2046.586937
17 129 239 2046.586937
17 129 239 2046.586937
17 129 159 2046.586937
17 129 170 2046.586937
18 129 129 2178.773019
18 129 196 2178.773019
18 129 364 2178.773019
18 129 239 2178.773019
18 129 167 2178.773019
18 129 129 2178.773019
18 129 170 2178.773019
18 121 121 1817.926747
18 121 129 1817.926747
18 121 129 1817.926747
18 121 271 1817.926747
18 121 170 1817.926747
18 121 239 1817.926747
18 121 129 1817.926747
18 121 251 1817.926747
18 121 242 1817.926747
18 121 129 1817.926747
18 121 167 1817.926747
18 121 129 1817.926747
18 121 129 1817.926747
19 121 165 1942.354264
19 121 192 1942.354264
19 121 251 1942.354264
19 121 249 1942.354264
19 121 177 1942.354264
19 121 239 1942.354264
19 121 239 1942.354264
19 121 129 1942.354264
19 121 249 1942.354264
19 121 129 1942.354264
19 121 235 1942.354264
19 121 145 1942.354264
19 121 239 1942.354264
19 121 168 1942.354264
19 121 245 1942.354264
19 121 129 1942.354264
19 121 239 1942.354264
19 121 129 1942.354264
19 121 133 1942.354264
19 121 129 1942.354264
20 121 140 2035.145494
20 121 227 2035.145494
20 121 129 2035.145494
20 121 129 2035.145494
20 121 172 2035.145494
20 121 247 2035.145494
20 121 170 2035.145494
20 121 239 2035.145494
20 121 129 2035.145494
20 121 239 2035.145494
20 121 172 2035.145494
20 121 144 2035.145494
20 121 129 2035.145494
20 121 176 2035.145494
20 121 239 2035.145494
20 121 245 2035.145494
20 121 167 2035.145494
20 121 152 2035.145494
20 121 129 2035.145494
20 121 236 2035.145494
21 121 159 2134.267586
21 121 228 2134.267586
21 121 192 2134.267586
21 121 129 2134.267586
21 121 165 2134.267586
21 121 129 2134.267586
21 121 239 2134.267586
21 121 252 2134.267586
21 121 129 2134.267586
21 121 239 2134.267586
21 121 170 2134.267586
21 121 226 2134.267586
21 121 230 2134.267586
21 121 270 2134.267586
21 121 211 2134.267586
21 121 244 2134.267586
21 121 239 2134.267586
21 121 129 2134.267586
21 121 173 2134.267586
21 121 129 2134.267586
22 121 239 2222.937955
22 121 275 2222.937955
22 121 236 2222.937955
22 121 170 2222.937955
22 121 252 2222.937955
22 121 129 2222.937955
22 121 129 2222.937955
22 121 129 2222.937955
22 121 239 2222.937955
22 121 129 2222.937955
22 121 135 2222.937955
22 121 410 2222.937955
22 121 219 2222.937955
22 121 140 2222.937955
22 121 239 2222.937955
22 121 239 2222.937955
22 121 239 2222.937955
22 121 202 2222.937955
22 121 239 2222.937955
22 121 129 2222.937955
23 121 133 2308.118657
23 121 161 2308.118657
23 121 129 2308.118657
23 121 129 2308.118657
23 121 239 2308.118657
23 121 129 2308.118657
23 121 239 2308.118657
23 121 273 2308.118657
23 121 194 2308.118657
23 121 129 2308.118657
23 121 129 2308.118657
23 121 149 2308.118657
23 121 138 2308.118657
23 121 129 2308.118657
23 121 170 2308.118657
23 121 129 2308.118657
23 121 140 2308.118657
23 121 234 2308.118657
23 121 167 2308.118657
23 121 172 2308.118657
24 121 129 2418.418696
24 121 129 2418.418696
24 121 239 2418.418696
24 121 129 2418.418696
24 121 239 2418.418696
24 121 239 2418.418696
24 121 139 2418.418696
24 121 165 2418.418696
24 121 239 2418.418696
24 121 129 2418.418696
24 121 193 2418.418696
24 121 239 2418.418696
24 121 214 2418.418696
24 121 239 2418.418696
24 121 129 2418.418696
24 121 239 2418.418696
24 121 129 2418.418696
24 121 165 2418.418696
24 121 129 2418.418696
24 121 252 2418.418696
25 121 252 2514.719974
25 121 129 2514.719974
25 121 129 2514.719974
25 121 239 2514.719974
25 121 129 2514.719974
25 121 249 2514.719974
25 121 239 2514.719974
25 121 129 2514.719974
25 121 190 2514.719974
25 121 239 2514.719974
25 121 242 2514.719974
25 121 129 2514.719974
25 121 129 2514.719974
25 121 239 2514.719974
25 121 172 2514.719974
25 121 252 2514.719974
25 121 129 2514.719974
25 121 194 2514.719974
25 121 239 2514.719974
25 121 214 2514.719974
26 121 252 2598.696665
26 121 202 2598.696665
26 121 129 2598.696665
26 121 175 2598.696665
26 121 129 2598.696665
26 121 214 2598.696665
26 121 167 2598.696665
26 121 129 2598.696665
26 121 129 2598.696665
26 121 129 2598.696665
26 121 200 2598.696665
26 121 129 2598.696665
26 121 239 2598.696665
26 121 170 2598.696665
26 121 129 2598.696665
26 121 239 2598.696665
26 121 129 2598.696665
26 121 165 2598.696665
26 121 239 2598.696665
26 121 215 2598.696665
27 121 157 2702.293545
27 121 239 2702.293545
27 121 185 2702.293545
27 121 159 2702.293545
27 121 185 2702.293545
27 121 299 2702.293545
27 121 129 2702.293545
27 121 197 2702.293545
27 121 187 2702.293545
27 121 239 2702.293545
27 121 275 2702.293545
27 121 239 2702.293545
27 121 129 2702.293545
27 121 239 2702.293545
27 121 170 2702.293545
27 121 239 2702.293545
27 121 239 2702.293545
27 121 231 2702.293545
27 121 214 2702.293545
27 121 194 2702.293545
28 121 140 2758.879701
28 121 239 2758.879701
28 121 202 2758.879701
28 121 129 2758.879701
28 121 170 2758.879701
28 121 172 2758.879701
28 121 300 2758.879701
28 121 239 2758.879701
28 121 186 2758.879701
28 121 129 2758.879701
28 121 240 2758.879701
28 121 214 2758.879701
28 121 129 2758.879701
28 121 129 2758.879701
28 121 137 2758.879701
28 121 129 2758.879701
28 121 227 2758.879701
28 121 241 2758.879701
28 121 142 2758.879701
28 121 152 2758.879701
29 121 240 2844.768416
29 121 248 2844.768416
29 121 294 2844.768416
29 121 129 2844.768416
29 121 239 2844.768416
29 121 236 2844.768416
29 121 129 2844.768416
29 121 167 2844.768416
29 121 239 2844.768416
29 121 239 2844.768416
29 121 129 2844.768416
29 121 129 2844.768416
29 121 184 2844.768416
29 121 239 2844.768416
29 121 239 2844.768416
29 121 242 2844.768416
29 121 239 2844.768416
29 121 152 2844.768416
29 121 170 2844.768416
29 121 133 2844.768416
30 121 219 2905.782608
30 121 239 2905.782608
30 121 129 2905.782608
30 121 129 2905.782608
30 121 129 2905.782608
30 121 129 2905.782608
30 121 129 2905.782608
30 121 129 2905.782608
30 121 133 2905.782608
30 121 214 2905.782608
30 121 236 2905.782608
30 121 255 2905.782608
30 121 129 2905.782608
30 121 239 2905.782608
30 121 167 2905.782608
30 121 140 2905.782608
30 121 242 2905.782608
30 121 168 2905.782608
30 121 129 2905.782608
30 121 156 2905.782608
31 121 264 3004.416651
31 121 129 3004.416651
31 121 129 3004.416651
31 121 254 3004.416651
31 121 239 3004.416651
31 121 239 3004.416651
31 121 133 3004.416651
31 121 140 3004.416651
31 121 140 3004.416651
31 121 129 3004.416651
31 121 239 3004.416651
31 121 219 3004.416651
31 121 129 3004.416651
31 121 270 3004.416651
31 121 211 3004.416651
31 121 195 3004.416651
31 121 129 3004.416651
31 121 239 3004.416651
31 121 129 3004.416651
31 121 239 3004.416651
32 121 129 3080.826763
32 121 129 3080.826763
32 121 173 3080.826763
32 121 129 3080.826763
32 121 239 3080.826763
32 121 239 3080.826763
32 121 245 3080.826763
32 121 301 3080.826763
32 121 168 3080.826763
32 121 221 3080.826763
32 121 129 3080.826763
32 121 170 3080.826763
32 121 239 3080.826763
32 121 239 3080.826763
32 121 239 3080.826763
32 121 129 3080.826763
32 121 239 3080.826763
32 121 140 3080.826763
32 121 215 3080.826763
32 121 129 3080.826763
33 121 129 3149.551904
33 121 173 3149.551904
33 121 140 3149.551904
33 121 170 3149.551904
33 121 239 3149.551904
33 121 239 3149.551904
33 121 165 3149.551904
33 121 239 3149.551904
33 121 170 3149.551904
33 121 239 3149.551904
33 121 242 3149.551904
33 121 239 3149.551904
33 121 129 3149.551904
33 121 178 3149.551904
33 121 129 3149.551904
33 121 170 3149.551904
33 121 170 3149.551904
33 121 144 3149.551904
33 121 129 3149.551904
33 121 129 3149.551904
34 121 239 3228.843088
34 121 173 3228.843088
34 121 172 3228.843088
34 121 133 3228.843088
34 121 129 3228.843088
34 121 179 3228.843088
34 121 129 3228.843088
34 121 239 3228.843088
34 121 219 3228.843088
34 121 170 3228.843088
34 121 129 3228.843088
34 121 234 3228.843088
34 121 170 3228.843088
34 121 242 3228.843088
34 121 140 3228.843088
34 121 236 3228.843088
34 121 129 3228.843088
34 121 239 3228.843088
34 121 239 3228.843088
34 121 133 3228.843088
35 121 129 3296.725902
35 121 129 3296.725902
35 121 170 3296.725902
35 121 214 3296.725902
35 121 275 3296.725902
35 121 129 3296.725902
35 121 129 3296.725902
35 121 239 3296.725902
35 121 239 3296.725902
35 121 129 3296.725902
35 121 129 3296.725902
35 121 167 3296.725902
35 121 205 3296.725902
35 121 173 3296.725902
35 121 129 3296.725902
35 121 157 3296.725902
35 121 167 3296.725902
35 121 252 3296.725902
35 121 129 3296.725902
35 121 252 3296.725902
36 121 170 3377.156277
36 121 240 3377.156277
36 121 170 3377.156277
36 121 129 3377.156277
36 121 239 3377.156277
36 121 266 3377.156277
36 121 239 3377.156277
36 121 245 3377.156277
36 121 129 3377.156277
36 121 129 3377.156277
36 121 239 3377.156277
36 121 239 3377.156277
36 121 129 3377.156277
36 121 223 3377.156277
36 121 129 3377.156277
36 121 239 3377.156277
36 121 165 3377.156277
36 121 177 3377.156277
36 121 250 3377.156277
36 121 144 3377.156277
37 121 239 3431.084660
37 121 239 3431.084660
37 121 186 3431.084660
37 121 215 3431.084660
37 121 173 3431.084660
37 121 239 3431.084660
37 121 129 3431.084660
37 121 140 3431.084660
37 121 236 3431.084660
37 121 129 3431.084660
37 121 140 3431.084660
37 121 140 3431.084660
37 121 159 3431.084660
37 121 140 3431.084660
37 121 200 3431.084660
37 121 133 3431.084660
37 121 239 3431.084660
37 121 239 3431.084660
37 121 186 3431.084660
37 121 129 3431.084660
38 121 129 3497.037061
38 121 170 3497.037061
38 121 170 3497.037061
38 121 272 3497.037061
38 121 129 3497.037061
38 121 183 3497.037061
38 121 129 3497.037061
38 121 210 3497.037061
38 121 184 3497.037061
38 121 239 3497.037061
38 121 170 3497.037061
38 121 242 3497.037061
38 121 239 3497.037061
38 121 261 3497.037061
38 121 239 3497.037061
38 121 239 3497.037061
38 121 192 3497.037061
38 121 129 3497.037061
38 121 129 3497.037061
38 121 133 3497.037061
39 121 239 3560.795763
39 121 239 3560.795763
39 121 129 3560.795763
39 121 266 3560.795763
39 121 219 3560.795763
39 121 129 3560.795763
39 121 244 3560.795763
39 121 242 3560.795763
39 121 192 3560.795763
39 121 129 3560.795763
39 121 211 3560.795763
39 121 140 3560.795763
39 121 239 3560.795763
39 121 252 3560.795763
39 121 129 3560.795763
39 121 129 3560.795763
39 121 129 3560.795763
39 121 129 3560.795763
39 121 192 3560.795763
39 121 129 3560.795763
40 121 129 3630.837673
40 121 239 3630.837673
40 121 239 3630.837673
40 121 129 3630.837673
40 121 239 3630.837673
40 121 219 3630.837673
40 121 175 3630.837673
40 121 232 3630.837673
40 121 174 3630.837673
40 121 253 3630.837673
40 121 239 3630.837673
40 121 170 3630.837673
40 121 129 3630.837673
40 121 129 3630.837673
40 121 239 3630.837673
40 121 129 3630.837673
40 121 129 3630.837673
40 121 129 3630.837673
40 121 159 3630.837673
40 121 239 3630.837673
41 121 242 3692.737893
41 121 239 3692.737893
41 121 239 3692.737893
41 121 140 3692.737893
41 121 129 3692.737893
41 121 239 3692.737893
41 121 301 3692.737893
41 121 129 3692.737893
41 121 187 3692.737893
41 121 137 3692.737893
41 121 129 3692.737893
41 121 239 3692.737893
41 121 194 3692.737893
41 121 211 3692.737893
41 121 214 3692.737893
41 121 145 3692.737893
41 121 239 3692.737893
41 121 239 3692.737893
41 121 165 3692.737893
41 121 173 3692.737893
42 121 129 3729.587996
42 121 239 3729.587996
42 121 190 3729.587996
42 121 129 3729.587996
42 121 170 3729.587996
42 121 140 3729.587996
42 121 178 3729.587996
42 121 129 3729.587996
42 121 239 3729.587996
42 121 250 3729.587996
42 121 129 3729.587996
42 121 239 3729.587996
42 121 252 3729.587996
42 121 129 3729.587996
42 121 186 3729.587996
42 121 275 3729.587996
42 121 133 3729.587996
42 121 239 3729.587996
42 121 226 3729.587996
42 121 129 3729.587996
43 121 167 3790.891045
43 121 164 3790.891045
43 121 289 3790.891045
43 121 129 3790.891045
43 121 129 3790.891045
43 121 214 3790.891045
43 121 239 3790.891045
43 121 129 3790.891045
43 121 129 3790.891045
43 121 129 3790.891045
43 121 177 3790.891045
43 121 170 3790.891045
43 121 129 3790.891045
43 121 129 3790.891045
43 121 129 3790.891045
43 121 258 3790.891045
43 121 239 3790.891045
43 121 129 3790.891045
43 121 129 3790.891045
43 121 239 3790.891045
44 121 129 3872.212631
44 121 239 3872.212631
44 121 239 3872.212631
44 121 239 3872.212631
44 121 129 3872.212631
44 121 129 3872.212631
44 121 167 3872.212631
44 121 129 3872.212631
44 121 129 3872.212631
44 121 239 3872.212631
44 121 239 3872.212631
44 121 214 3872.212631
44 121 207 3872.212631
44 121 129 3872.212631
44 121 304 3872.212631
44 121 129 3872.212631
44 121 270 3872.212631
44 121 239 3872.212631
44 121 129 3872.212631
44 121 239 3872.212631
45 121 184 3929.866214
45 121 194 3929.866214
45 121 121 3929.866214
45 121 133 3929.866214
45 121 239 3929.866214
45 121 239 3929.866214
45 121 239 3929.866214
45 121 214 3929.866214
45 121 239 3929.866214
45 121 129 3929.866214
45 121 239 3929.866214
45 121 129 3929.866214
45 121 175 3929.866214
45 121 129 3929.866214
45 121 214 3929.866214
45 121 239 3929.866214
45 121 194 3929.866214
45 121 169 3929.866214
45 121 242 3929.866214
45 121 299 3929.866214
46 121 144 3970.894003
46 121 239 3970.894003
46 121 239 3970.894003
46 121 144 3970.894003
46 121 239 3970.894003
46 121 172 3970.894003
46 121 129 3970.894003
46 121 170 3970.894003
46 121 173 3970.894003
46 121 239 3970.894003
46 121 231 3970.894003
46 121 239 3970.894003
46 121 252 3970.894003
46 121 129 3970.894003
46 121 224 3970.894003
46 121 239 3970.894003
46 121 239 3970.894003
46 121 170 3970.894003
46 121 239 3970.894003
46 121 214 3970.894003
47 121 129 3999.636503
47 121 174 3999.636503
47 121 242 3999.636503
47 121 239 3999.636503
47 121 239 3999.636503
47 121 170 3999.636503
47 121 192 3999.636503
47 121 239 3999.636503
47 121 239 3999.636503
47 121 129 3999.636503
47 121 129 3999.636503
47 121 187 3999.636503
47 121 129 3999.636503
47 121 129 3999.636503
47 121 239 3999.636503
47 121 239 3999.636503
47 121 221 3999.636503
47 121 239 3999.636503
47 121 129 3999.636503
47 121 129 3999.636503
48 121 239 4050.839995
48 121 129 4050.839995
48 121 173 4050.839995
48 121 129 4050.839995
48 121 239 4050.839995
48 121 260 4050.839995
48 121 239 4050.839995
48 121 129 4050.839995
48 121 198 4050.839995
48 121 167 4050.839995
48 121 129 4050.839995
48 121 192 4050.839995
48 121 144 4050.839995
48 121 129 4050.839995
48 121 239 4050.839995
48 121 170 4050.839995
48 121 239 4050.839995
48 121 235 4050.839995
48 121 186 4050.839995
48 121 239 4050.839995
49 121 129 4094.697396
49 121 129 4094.697396
49 121 129 4094.697396
49 121 194 4094.697396
49 121 129 4094.697396
49 121 129 4094.697396
49 121 240 4094.697396
49 121 239 4094.697396
49 121 129 4094.697396
49 121 140 4094.697396
49 121 174 4094.697396
49 121 129 4094.697396
49 121 214 4094.697396
49 121 179 4094.697396
49 121 129 4094.697396
49 121 252 4094.697396
49 121 133 4094.697396
49 121 140 4094.697396
49 121 129 4094.697396
49 121 178 4094.697396
50 121 239 4173.526753
50 121 285 4173.526753
50 121 239 4173.526753
50 121 314 4173.526753
50 121 242 4173.526753
50 121 178 4173.526753
50 121 170 4173.526753
50 121 165 4173.526753
50 121 129 4173.526753
50 121 133 4173.526753
50 121 129 4173.526753
50 121 184 4173.526753
50 121 240 4173.526753
50 121 178 4173.526753
50 121 129 4173.526753
50 121 239 4173.526753
50 121 133 4173.526753
50 121 239 4173.526753
50 121 236 4173.526753
50 121 129 4173.526753
51 121 129 4205.563178
51 121 133 4205.563178
51 121 239 4205.563178
51 121 239 4205.563178
51 121 129 4205.563178
51 121 239 4205.563178
51 121 192 4205.563178
51 121 214 4205.563178
51 121 129 4205.563178
51 121 239 4205.563178
51 121 129 4205.563178
51 121 239 4205.563178
51 121 239 4205.563178
51 121 129 4205.563178
51 121 129 4205.563178
51 121 226 4205.563178
51 121 129 4205.563178
51 121 170 4205.563178
51 121 129 4205.563178
51 121 239 4205.563178
52 121 251 4264.994408
52 121 279 4264.994408
52 121 178 4264.994408
52 121 239 4264.994408
52 121 129 4264.994408
52 121 129 4264.994408
52 121 239 4264.994408
52 121 129 4264.994408
52 121 252 4264.994408
52 121 129 4264.994408
52 121 236 4264.994408
52 121 129 4264.994408
52 121 129 4264.994408
52 121 173 4264.994408
52 121 129 4264.994408
52 121 129 4264.994408
52 121 129 4264.994408
52 121 140 4264.994408
52 121 202 4264.994408
52 121 129 4264.994408
53 121 140 4337.221463
53 121 190 4337.221463
53 121 170 4337.221463
53 121 206 4337.221463
53 121 170 4337.221463
53 121 214 4337.221463
53 121 129 4337.221463
53 121 129 4337.221463
53 121 214 4337.221463
53 121 239 4337.221463
53 121 239 4337.221463
53 121 242 4337.221463
53 121 168 4337.221463
53 121 129 4337.221463
53 121 167 4337.221463
53 121 129 4337.221463
53 121 140 4337.221463
53 121 239 4337.221463
53 121 239 4337.221463
53 121 332 4337.221463
54 121 239 4376.836886
54 121 129 4376.836886
54 121 129 4376.836886
54 121 231 4376.836886
54 121 211 4376.836886
54 121 197 4376.836886
54 121 129 4376.836886
54 121 129 4376.836886
54 121 239 4376.836886
54 121 187 4376.836886
54 121 167 4376.836886
54 121 129 4376.836886
54 121 129 4376.836886
54 121 129 4376.836886
54 121 261 4376.836886
54 121 236 4376.836886
54 121 239 4376.836886
54 121 139 4376.836886
54 121 129 4376.836886
54 121 242 4376.836886
55 121 173 4427.095786
55 121 214 4427.095786
55 121 190 4427.095786
55 121 239 4427.095786
55 121 129 4427.095786
55 121 239 4427.095786
55 121 214 4427.095786
55 121 142 4427.095786
55 121 129 4427.095786
55 121 129 4427.095786
55 121 129 4427.095786
55 121 140 4427.095786
55 121 239 4427.095786
55 121 239 4427.095786
55 121 239 4427.095786
55 121 239 4427.095786
55 121 129 4427.095786
55 121 172 4427.095786
55 121 239 4427.095786
55 121 166 4427.095786
56 121 238 4466.219586
56 121 242 4466.219586
56 121 129 4466.219586
56 121 239 4466.219586
56 121 167 4466.219586
56 121 239 4466.219586
56 121 226 4466.219586
56 121 239 4466.219586
56 121 129 4466.219586
56 121 239 4466.219586
56 121 167 4466.219586
56 121 177 4466.219586
56 121 239 4466.219586
56 121 239 4466.219586
56 121 219 4466.219586
56 121 177 4466.219586
56 121 242 4466.219586
56 121 194 4466.219586
56 121 129 4466.219586
56 121 239 4466.219586
57 121 231 4472.653028
57 121 239 4472.653028
57 121 239 4472.653028
57 121 239 4472.653028
57 121 129 4472.653028
57 121 172 4472.653028
57 121 129 4472.653028
57 121 239 4472.653028
57 121 239 4472.653028
57 121 184 4472.653028
57 121 233 4472.653028
57 121 239 4472.653028
57 121 133 4472.653028
57 121 129 4472.653028
57 121 170 4472.653028
57 121 239 4472.653028
57 121 239 4472.653028
57 121 239 4472.653028
57 121 129 4472.653028
57 121 239 4472.653028
58 121 239 4491.031883
58 121 129 4491.031883
58 121 140 4491.031883
58 121 239 4491.031883
58 121 252 4491.031883
58 121 242 4491.031883
58 121 214 4491.031883
58 121 240 4491.031883
58 121 129 4491.031883
58 121 218 4491.031883
58 121 129 4491.031883
58 121 239 4491.031883
58 121 170 4491.031883
58 121 239 4491.031883
58 121 129 4491.031883
58 121 239 4491.031883
58 121 129 4491.031883
58 121 173 4491.031883
58 121 239 4491.031883
58 121 266 4491.031883
59 121 129 4515.490672
59 121 129 4515.490672
59 121 129 4515.490672
59 121 239 4515.490672
59 121 244 4515.490672
59 121 173 4515.490672
59 121 239 4515.490672
59 121 239 4515.490672
59 121 190 4515.490672
59 121 129 4515.490672
59 121 129 4515.490672
59 121 129 4515.490672
59 121 129 4515.490672
59 121 239 4515.490672
59 121 238 4515.490672
59 121 239 4515.490672
59 121 239 4515.490672
59 121 129 4515.490672
59 121 239 4515.490672
59 121 218 4515.490672
60 121 239 4557.385383
60 121 129 4557.385383
60 121 129 4557.385383
60 121 129 4557.385383
60 121 239 4557.385383
60 121 129 4557.385383
60 121 239 4557.385383
60 121 239 4557.385383
60 121 239 4557.385383
60 121 129 4557.385383
60 121 129 4557.385383
60 121 233 4557.385383
60 121 129 4557.385383
60 121 270 4557.385383
60 121 129 4557.385383
60 121 239 4557.385383
60 121 239 4557.385383
60 121 129 4557.385383
60 121 167 4557.385383
60 121 178 4557.385383
61 121 129 4604.243461
61 121 129 4604.243461
61 121 239 4604.243461
61 121 129 4604.243461
61 121 129 4604.243461
61 121 239 4604.243461
61 121 239 4604.243461
61 121 186 4604.243461
61 121 239 4604.243461
61 121 129 4604.243461
61 121 239 4604.243461
61 121 140 4604.243461
61 121 172 4604.243461
61 121 129 4604.243461
61 121 173 4604.243461
61 121 252 4604.243461
61 121 239 4604.243461
61 121 140 4604.243461
61 121 129 4604.243461
61 121 133 4604.243461
62 121 170 4653.828897
62 121 129 4653.828897
62 121 129 4653.828897
62 121 239 4653.828897
62 121 129 4653.828897
62 121 129 4653.828897
62 121 239 4653.828897
62 121 239 4653.828897
62 121 129 4653.828897
62 121 214 4653.828897
62 121 239 4653.828897
62 121 139 4653.828897
62 121 159 4653.828897
62 121 239 4653.828897
62 121 140 4653.828897
62 121 170 4653.828897
62 121 239 4653.828897
62 121 236 4653.828897
62 121 144 4653.828897
62 121 129 4653.828897
63 121 140 4700.178533
63 121 129 4700.178533
63 121 239 4700.178533
63 121 239 4700.178533
63 121 239 4700.178533
63 121 214 4700.178533
63 121 129 4700.178533
63 121 239 4700.178533
63 121 221 4700.178533
63 121 129 4700.178533
63 121 214 4700.178533
63 121 274 4700.178533
63 121 211 4700.178533
63 121 129 4700.178533
63 121 239 4700.178533
63 121 239 4700.178533
63 121 252 4700.178533
63 121 173 4700.178533
63 121 249 4700.178533
63 121 239 4700.178533
64 121 229 4709.924414
64 121 214 4709.924414
64 121 129 4709.924414
64 121 289 4709.924414
64 121 239 4709.924414
64 121 144 4709.924414
64 121 214 4709.924414
64 121 133 4709.924414
64 121 258 4709.924414
64 121 129 4709.924414
64 121 129 4709.924414
64 121 129 4709.924414
64 121 220 4709.924414
64 121 239 4709.924414
64 121 129 4709.924414
64 121 239 4709.924414
64 121 239 4709.924414
64 121 239 4709.924414
64 121 252 4709.924414
64 121 211 4709.924414
65 121 239 4734.631156
65 121 239 4734.631156
65 121 129 4734.631156
65 121 129 4734.631156
65 121 184 4734.631156
65 121 129 4734.631156
65 121 129 4734.631156
65 121 129 4734.631156
65 121 129 4734.631156
65 121 250 4734.631156
65 121 210 4734.631156
65 121 239 4734.631156
65 121 129 4734.631156
65 121 239 4734.631156
65 121 133 4734.631156
65 121 239 4734.631156
65 121 205 4734.631156
65 121 239 4734.631156
65 121 129 4734.631156
65 121 239 4734.631156
66 121 239 4774.308465
66 121 129 4774.308465
66 121 129 4774.308465
66 121 152 4774.308465
66 121 129 4774.308465
66 121 129 4774.308465
66 121 129 4774.308465
66 121 129 4774.308465
66 121 239 4774.308465
66 121 129 4774.308465
66 121 239 4774.308465
66 121 129 4774.308465
66 121 227 4774.308465
66 121 219 4774.308465
66 121 129 4774.308465
66 121 210 4774.308465
66 121 240 4774.308465
66 121 129 4774.308465
66 121 171 4774.308465
66 121 239 4774.308465
67 121 239 4830.378266
67 121 140 4830.378266
67 121 129 4830.378266
67 121 239 4830.378266
67 121 239 4830.378266
67 121 129 4830.378266
67 121 156 4830.378266
67 121 239 4830.378266
67 121 129 4830.378266
67 121 239 4830.378266
67 121 190 4830.378266
67 121 239 4830.378266
67 121 231 4830.378266
67 121 224 4830.378266
67 121 174 4830.378266
67 121 304 4830.378266
67 121 202 4830.378266
67 121 129 4830.378266
67 121 239 4830.378266
67 121 239 4830.378266
68 121 179 4840.367103
68 121 129 4840.367103
68 121 175 4840.367103
68 121 239 4840.367103
68 121 239 4840.367103
68 121 129 4840.367103
68 121 158 4840.367103
68 121 239 4840.367103
68 121 129 4840.367103
68 121 129 4840.367103
68 121 144 4840.367103
68 121 252 4840.367103
68 121 140 4840.367103
68 121 129 4840.367103
68 121 239 4840.367103
68 121 242 4840.367103
68 121 236 4840.367103
68 121 129 4840.367103
68 121 129 4840.367103
68 121 239 4840.367103
69 121 129 4877.480548
69 121 159 4877.480548
69 121 239 4877.480548
69 121 239 4877.480548
69 121 239 4877.480548
69 121 129 4877.480548
69 121 178 4877.480548
69 121 239 4877.480548
69 121 239 4877.480548
69 121 239 4877.480548
69 121 211 4877.480548
69 121 239 4877.480548
69 121 239 4877.480548
69 121 239 4877.480548
69 121 129 4877.480548
69 121 129 4877.480548
69 121 239 4877.480548
69 121 170 4877.480548
69 121 129 4877.480548
69 121 129 4877.480548
70 121 173 4896.143993
70 121 129 4896.143993
70 121 239 4896.143993
70 121 239 4896.143993
70 121 173 4896.143993
70 121 129 4896.143993
70 121 160 4896.143993
70 121 129 4896.143993
70 121 239 4896.143993
70 121 129 4896.143993
70 121 133 4896.143993
70 121 242 4896.143993
70 121 239 4896.143993
70 121 211 4896.143993
70 121 254 4896.143993
70 121 133 4896.143993
70 121 167 4896.143993
70 121 275 4896.143993
70 121 129 4896.143993
70 121 170 4896.143993
71 121 129 4920.936654
71 121 129 4920.936654
71 121 239 4920.936654
71 121 170 4920.936654
71 121 129 4920.936654
71 121 251 4920.936654
71 121 198 4920.936654
71 121 239 4920.936654
71 121 140 4920.936654
71 121 219 4920.936654
71 121 173 4920.936654
71 121 239 4920.936654
71 121 173 4920.936654
71 121 144 4920.936654
71 121 239 4920.936654
71 121 129 4920.936654
71 121 177 4920.936654
71 121 214 4920.936654
71 121 239 4920.936654
71 121 239 4920.936654
72 121 197 4941.071835
72 121 258 4941.071835
72 121 133 4941.071835
72 121 129 4941.071835
72 121 239 4941.071835
72 121 239 4941.071835
72 121 239 4941.071835
72 121 239 4941.071835
72 121 236 4941.071835
72 121 169 4941.071835
72 121 239 4941.071835
72 121 231 4941.071835
72 121 214 4941.071835
72 121 133 4941.071835
72 121 205 4941.071835
72 121 129 4941.071835
72 121 129 4941.071835
72 121 210 4941.071835
72 121 239 4941.071835
72 121 239 4941.071835
73 121 170 4948.499686
73 121 170 4948.499686
73 121 236 4948.499686
73 121 239 4948.499686
73 121 239 4948.499686
73 121 129 4948.499686
73 121 147 4948.499686
73 121 239 4948.499686
73 121 239 4948.499686
73 121 165 4948.499686
73 121 285 4948.499686
73 121 167 4948.499686
73 121 239 4948.499686
73 121 239 4948.499686
73 121 129 4948.499686
73 121 239 4948.499686
73 121 239 4948.499686
73 121 129 4948.499686
73 121 239 4948.499686
73 121 298 4948.499686
74 121 168 4941.493242
74 121 246 4941.493242
74 121 158 4941.493242
74 121 239 4941.493242
74 121 239 4941.493242
74 121 239 4941.493242
74 121 239 4941.493242
74 121 170 4941.493242
74 121 144 4941.493242
74 121 210 4941.493242
74 121 129 4941.493242
74 121 129 4941.493242
74 121 129 4941.493242
74 121 173 4941.493242
74 121 129 4941.493242
74 121 211 4941.493242
74 121 144 4941.493242
74 121 129 4941.493242
74 121 129 4941.493242
74 121 223 4941.493242
75 121 239 4977.576837
75 121 144 4977.576837
75 121 194 4977.576837
75 121 202 4977.576837
75 121 239 4977.576837
75 121 129 4977.576837
75 121 129 4977.576837
75 121 129 4977.576837
75 121 239 4977.576837
75 121 266 4977.576837
75 121 214 4977.576837
75 121 165 4977.576837
75 121 239 4977.576837
75 121 129 4977.576837
75 121 239 4977.576837
75 121 239 4977.576837
75 121 205 4977.576837
75 121 177 4977.576837
75 121 239 4977.576837
75 121 239 4977.576837
76 121 139 4988.183106
76 121 129 4988.183106
76 121 129 4988.183106
76 121 129 4988.183106
76 121 239 4988.183106
76 121 239 4988.183106
76 121 239 4988.183106
76 121 236 4988.183106
76 121 129 4988.183106
76 121 266 4988.183106
76 121 152 4988.183106
76 121 129 4988.183106
76 121 129 4988.183106
76 121 190 4988.183106
76 121 129 4988.183106
76 121 239 4988.183106
76 121 239 4988.183106
76 121 248 4988.183106
76 121 129 4988.183106
76 121 170 4988.183106
77 121 168 5027.449362
77 121 140 5027.449362
77 121 129 5027.449362
77 121 239 5027.449362
77 121 129 5027.449362
77 121 129 5027.449362
77 121 129 5027.449362
77 121 239 5027.449362
77 121 214 5027.449362
77 121 239 5027.449362
77 121 239 5027.449362
77 121 129 5027.449362
77 121 242 5027.449362
77 121 174 5027.449362
77 121 170 5027.449362
77 121 129 5027.449362
77 121 170 5027.449362
77 121 239 5027.449362
77 121 173 5027.449362
77 121 170 5027.449362
78 121 129 5061.177974
78 121 170 5061.177974
78 121 129 5061.177974
78 121 129 5061.177974
78 121 209 5061.177974
78 121 239 5061.177974
78 121 239 5061.177974
78 121 129 5061.177974
78 121 129 5061.177974
78 121 129 5061.177974
78 121 239 5061.177974
78 121 242 5061.177974
78 121 239 5061.177974
78 121 239 5061.177974
78 121 129 5061.177974
78 121 129 5061.177974
78 121 129 5061.177974
78 121 239 5061.177974
78 121 239 5061.177974
78 121 133 5061.177974
79 121 129 5104.004865
79 121 239 5104.004865
79 121 129 5104.004865
79 121 129 5104.004865
79 121 239 5104.004865
79 121 234 5104.004865
79 121 133 5104.004865
79 121 242 5104.004865
79 121 129 5104.004865
79 121 129 5104.004865
79 121 239 5104.004865
79 121 142 5104.004865
79 121 239 5104.004865
79 121 214 5104.004865
79 121 165 5104.004865
79 121 177 5104.004865
79 121 129 5104.004865
79 121 239 5104.004865
79 121 129 5104.004865
79 121 239 5104.004865
80 121 173 5135.399987
80 121 129 5135.399987
80 121 239 5135.399987
80 121 129 5135.399987
80 121 140 5135.399987
80 121 129 5135.399987
80 121 129 5135.399987
80 121 233 5135.399987
80 121 129 5135.399987
80 121 129 5135.399987
80 121 256 5135.399987
80 121 239 5135.399987
80 121 239 5135.399987
80 121 129 5135.399987
80 121 129 5135.399987
80 121 239 5135.399987
80 121 239 5135.399987
80 121 170 5135.399987
80 121 133 5135.399987
80 121 239 5135.399987
81 121 140 5174.729447
81 121 227 5174.729447
81 121 173 5174.729447
81 121 129 5174.729447
81 121 214 5174.729447
81 121 129 5174.729447
81 121 129 5174.729447
81 121 167 5174.729447
81 121 144 5174.729447
81 121 129 5174.729447
81 121 239 5174.729447
81 121 252 5174.729447
81 121 140 5174.729447
81 121 129 5174.729447
81 121 129 5174.729447
81 121 129 5174.729447
81 121 239 5174.729447
81 121 133 5174.729447
81 121 239 5174.729447
81 121 129 5174.729447
82 121 129 5224.891430
82 121 129 5224.891430
82 121 129 5224.891430
82 121 190 5224.891430
82 121 239 5224.891430
82 121 239 5224.891430
82 121 129 5224.891430
82 121 129 5224.891430
82 121 129 5224.891430
82 121 129 5224.891430
82 121 239 5224.891430
82 121 275 5224.891430
82 121 129 5224.891430
82 121 190 5224.891430
82 121 239 5224.891430
82 121 239 5224.891430
82 121 239 5224.891430
82 121 129 5224.891430
82 121 239 5224.891430
82 121 239 5224.891430
83 121 133 5255.908383
83 121 239 5255.908383
83 121 129 5255.908383
83 121 129 5255.908383
83 121 270 5255.908383
83 121 239 5255.908383
83 121 129 5255.908383
83 121 129 5255.908383
83 121 214 5255.908383
83 121 175 5255.908383
83 121 239 5255.908383
83 121 239 5255.908383
83 121 239 5255.908383
83 121 144 5255.908383
83 121 177 5255.908383
83 121 239 5255.908383
83 121 129 5255.908383
83 121 239 5255.908383
83 121 129 5255.908383
83 121 239 5255.908383
84 121 140 5274.343559
84 121 140 5274.343559
84 121 214 5274.343559
84 121 129 5274.343559
84 121 129 5274.343559
84 121 129 5274.343559
84 121 239 5274.343559
84 121 129 5274.343559
84 121 239 5274.343559
84 121 165 5274.343559
84 121 219 5274.343559
84 121 239 5274.343559
84 121 133 5274.343559
84 121 129 5274.343559
84 121 129 5274.343559
84 121 250 5274.343559
84 121 129 5274.343559
84 121 129 5274.343559
84 121 168 5274.343559
84 121 129 5274.343559
85 121 202 5324.531273
85 121 140 5324.531273
85 121 129 5324.531273
85 121 140 5324.531273
85 121 239 5324.531273
85 121 129 5324.531273
85 121 239 5324.531273
85 121 174 5324.531273
85 121 140 5324.531273
85 121 205 5324.531273
85 121 239 5324.531273
85 121 239 5324.531273
85 121 239 5324.531273
85 121 239 5324.531273
85 121 129 5324.531273
85 121 129 5324.531273
85 121 133 5324.531273
85 121 129 5324.531273
85 121 129 5324.531273
85 121 129 5324.531273
86 121 129 5359.631857
86 121 270 5359.631857
86 121 239 5359.631857
86 121 170 5359.631857
86 121 219 5359.631857
86 121 129 5359.631857
86 121 239 5359.631857
86 121 271 5359.631857
86 121 239 5359.631857
86 121 168 5359.631857
86 121 129 5359.631857
86 121 173 5359.631857
86 121 239 5359.631857
86 121 129 5359.631857
86 121 214 5359.631857
86 121 231 5359.631857
86 121 202 5359.631857
86 121 129 5359.631857
86 121 129 5359.631857
86 121 239 5359.631857
87 121 281 5374.806498
87 121 129 5374.806498
87 121 167 5374.806498
87 121 239 5374.806498
87 121 129 5374.806498
87 121 173 5374.806498
87 121 133 5374.806498
87 121 129 5374.806498
87 121 133 5374.806498
87 121 133 5374.806498
87 121 239 5374.806498
87 121 129 5374.806498
87 121 129 5374.806498
87 121 129 5374.806498
87 121 129 5374.806498
87 121 239 5374.806498
87 121 129 5374.806498
87 121 129 5374.806498
87 121 239 5374.806498
87 121 236 5374.806498
88 121 129 5419.703044
88 121 129 5419.703044
88 121 129 5419.703044
88 121 129 5419.703044
88 121 418 5419.703044
88 121 129 5419.703044
88 121 239 5419.703044
88 121 129 5419.703044
88 121 129 5419.703044
88 121 173 5419.703044
88 121 129 5419.703044
88 121 170 5419.703044
88 121 239 5419.703044
88 121 129 5419.703044
88 121 133 5419.703044
88 121 267 5419.703044
88 121 129 5419.703044
88 121 239 5419.703044
88 121 239 5419.703044
88 121 129 5419.703044
89 121 129 5466.753455
89 121 129 5466.753455
89 121 239 5466.753455
89 121 129 5466.753455
89 121 239 5466.753455
89 121 239 5466.753455
89 121 129 5466.753455
89 121 129 5466.753455
89 121 129 5466.753455
89 121 239 5466.753455
89 121 219 5466.753455
89 121 238 5466.753455
89 121 129 5466.753455
89 121 140 5466.753455
89 121 236 5466.753455
89 121 129 5466.753455
89 121 140 5466.753455
89 121 129 5466.753455
89 121 133 5466.753455
89 121 156 5466.753455
90 121 129 5508.487043
90 121 175 5508.487043
90 121 231 5508.487043
90 121 129 5508.487043
90 121 239 5508.487043
90 121 239 5508.487043
90 121 129 5508.487043
90 121 214 5508.487043
90 121 239 5508.487043
90 121 129 5508.487043
90 121 239 5508.487043
90 121 210 5508.487043
90 121 129 5508.487043
90 121 239 5508.487043
90 121 129 5508.487043
90 121 129 5508.487043
90 121 129 5508.487043
90 121 170 5508.487043
90 121 205 5508.487043
90 121 239 5508.487043
91 121 133 5533.256137
91 121 129 5533.256137
91 121 140 5533.256137
91 121 174 5533.256137
91 121 129 5533.256137
91 121 129 5533.256137
91 121 239 5533.256137
91 121 214 5533.256137
91 121 129 5533.256137
91 121 239 5533.256137
91 121 239 5533.256137
91 121 129 5533.256137
91 121 242 5533.256137
91 121 215 5533.256137
91 121 173 5533.256137
91 121 129 5533.256137
91 121 129 5533.256137
91 121 129 5533.256137
91 121 144 5533.256137
91 121 129 5533.256137
92 121 167 5577.620531
92 121 129 5577.620531
92 121 129 5577.620531
92 121 129 5577.620531
92 121 239 5577.620531
92 121 129 5577.620531
92 121 170 5577.620531
92 121 227 5577.620531
92 121 239 5577.620531
92 121 129 5577.620531
92 121 170 5577.620531
92 121 137 5577.620531
92 121 175 5577.620531
92 121 129 5577.620531
92 121 129 5577.620531
92 121 239 5577.620531
92 121 239 5577.620531
92 121 133 5577.620531
92 121 239 5577.620531
92 121 242 5577.620531
93 121 239 5604.072827
93 121 129 5604.072827
93 121 129 5604.072827
93 121 239 5604.072827
93 121 129 5604.072827
93 121 129 5604.072827
93 121 129 5604.072827
93 121 144 5604.072827
93 121 129 5604.072827
93 121 239 5604.072827
93 121 129 5604.072827
93 121 133 5604.072827
93 121 239 5604.072827
93 121 239 5604.072827
93 121 129 5604.072827
93 121 239 5604.072827
93 121 133 5604.072827
93 121 144 5604.072827
93 121 239 5604.072827
93 121 239 5604.072827
94 121 129 5639.943470
94 121 129 5639.943470
94 121 239 5639.943470
94 121 242 5639.943470
94 121 129 5639.943470
94 121 270 5639.943470
94 121 190 5639.943470
94 121 239 5639.943470
94 121 239 5639.943470
94 121 239 5639.943470
94 121 129 5639.943470
94 121 239 5639.943470
94 121 239 5639.943470
94 121 129 5639.943470
94 121 172 5639.943470
94 121 239 5639.943470
94 121 214 5639.943470
94 121 239 5639.943470
94 121 242 5639.943470
94 121 239 5639.943470
95 121 129 5628.861046
95 121 129 5628.861046
95 121 167 5628.861046
95 121 129 5628.861046
95 121 239 5628.861046
95 121 148 5628.861046
95 121 129 5628.861046
95 121 129 5628.861046
95 121 129 5628.861046
95 121 239 5628.861046
95 121 129 5628.861046
95 121 239 5628.861046
95 121 239 5628.861046
95 121 129 5628.861046
95 121 129 5628.861046
95 121 129 5628.861046
95 121 129 5628.861046
95 121 144 5628.861046
95 121 239 5628.861046
95 121 239 5628.861046
96 121 129 5672.516911
96 121 234 5672.516911
96 121 268 5672.516911
96 121 239 5672.516911
96 121 205 5672.516911
96 121 239 5672.516911
96 121 239 5672.516911
96 121 239 5672.516911
96 121 239 5672.516911
96 121 242 5672.516911
96 121 258 5672.516911
96 121 129 5672.516911
96 121 129 5672.516911
96 121 129 5672.516911
96 121 129 5672.516911
96 121 129 5672.516911
96 121 129 5672.516911
96 121 129 5672.516911
96 121 129 5672.516911
96 121 129 5672.516911
97 121 239 5697.917690
97 121 239 5697.917690
97 121 239 5697.917690
97 121 129 5697.917690
97 121 129 5697.917690
97 121 129 5697.917690
97 121 129 5697.917690
97 121 129 5697.917690
97 121 239 5697.917690
97 121 205 5697.917690
97 121 178 5697.917690
97 121 239 5697.917690
97 121 129 5697.917690
97 121 239 5697.917690
97 121 158 5697.917690
97 121 140 5697.917690
97 121 129 5697.917690
97 121 239 5697.917690
97 121 129 5697.917690
97 121 129 5697.917690
98 121 239 5723.465440
98 121 239 5723.465440
98 121 151 5723.465440
98 121 129 5723.465440
98 121 239 5723.465440
98 121 129 5723.465440
98 121 239 5723.465440
98 121 239 5723.465440
98 121 239 5723.465440
98 121 239 5723.465440
98 121 140 5723.465440
98 121 129 5723.465440
98 121 239 5723.465440
98 121 129 5723.465440
98 121 239 5723.465440
98 121 129 5723.465440
98 121 129 5723.465440
98 121 129 5723.465440
98 121 239 5723.465440
98 121 165 5723.465440
99 121 129 5731.916444
99 121 239 5731.916444
99 121 242 5731.916444
99 121 129 5731.916444
99 121 233 5731.916444
99 121 239 5731.916444
99 121 129 5731.916444
99 121 239 5731.916444
99 121 129 5731.916444
99 121 129 5731.916444
99 121 167 5731.916444
99 121 129 5731.916444
99 121 239 5731.916444
99 121 129 5731.916444
99 121 129 5731.916444
99 121 214 5731.916444
99 121 239 5731.916444
99 121 170 5731.916444
99 121 239 5731.916444
99 121 214 5731.916444
100 121 129 5747.667423
100 121 129 5747.667423
100 121 239 5747.667423
100 121 129 5747.667423
100 121 129 5747.667423
100 121 133 5747.667423
100 121 239 5747.667423
100 121 239 5747.667423
100 121 129 5747.667423
100 121 129 5747.667423
100 121 239 5747.667423
100 121 182 5747.667423
100 121 140 5747.667423
100 121 129 5747.667423
100 121 239 5747.667423
100 121 129 5747.667423
100 121 239 5747.667423
100 121 129 5747.667423
100 121 239 5747.667423
100 121 129 5747.667423
101 121 129 5783.700885
101 121 129 5783.700885
101 121 239 5783.700885
101 121 129 5783.700885
101 121 129 5783.700885
101 121 140 5783.700885
101 121 129 5783.700885
101 121 173 5783.700885
101 121 239 5783.700885
101 121 129 5783.700885
101 121 239 5783.700885
101 121 239 5783.700885
101 121 129 5783.700885
101 121 239 5783.700885
101 121 170 5783.700885
101 121 244 5783.700885
101 121 266 5783.700885
101 121 129 5783.700885
101 121 144 5783.700885
101 121 129 5783.700885
102 121 173 5814.129092
102 121 140 5814.129092
102 121 170 5814.129092
102 121 239 5814.129092
102 121 129 5814.129092
102 121 239 5814.129092
102 121 239 5814.129092
102 121 129 5814.129092
102 121 239 5814.129092
102 121 129 5814.129092
102 121 140 5814.129092
102 121 239 5814.129092
102 121 239 5814.129092
102 121 129 5814.129092
102 121 129 5814.129092
102 121 239 5814.129092
102 121 129 5814.129092
102 121 129 5814.129092
102 121 170 5814.129092
102 121 239 5814.129092
103 121 214 5830.470772
103 121 129 5830.470772
103 121 239 5830.470772
103 121 239 5830.470772
103 121 140 5830.470772
103 121 239 5830.470772
103 121 239 5830.470772
103 121 182 5830.470772
103 121 239 5830.470772
103 121 239 5830.470772
103 121 239 5830.470772
103 121 174 5830.470772
103 121 239 5830.470772
103 121 140 5830.470772
103 121 133 5830.470772
103 121 129 5830.470772
103 121 129 5830.470772
103 121 239 5830.470772
103 121 239 5830.470772
103 121 129 5830.470772
104 121 239 5824.299046
104 121 129 5824.299046
104 121 242 5824.299046
104 121 129 5824.299046
104 121 239 5824.299046
104 121 239 5824.299046
104 121 183 5824.299046
104 121 140 5824.299046
104 121 173 5824.299046
104 121 129 5824.299046
104 121 129 5824.299046
104 121 239 5824.299046
104 121 239 5824.299046
104 121 129 5824.299046
104 121 239 5824.299046
104 121 129 5824.299046
104 121 239 5824.299046
104 121 239 5824.299046
104 121 211 5824.299046
104 121 239 5824.299046
105 121 129 5820.952962
105 121 129 5820.952962
105 121 256 5820.952962
105 121 129 5820.952962
105 121 129 5820.952962
105 121 129 5820.952962
105 121 129 5820.952962
105 121 140 5820.952962
105 121 129 5820.952962
105 121 239 5820.952962
105 121 129 5820.952962
105 121 239 5820.952962
105 121 129 5820.952962
105 121 140 5820.952962
105 121 129 5820.952962
105 121 200 5820.952962
105 121 214 5820.952962
105 121 129 5820.952962
105 121 129 5820.952962
105 121 129 5820.952962
106 121 239 5882.838634
106 121 129 5882.838634
106 121 205 5882.838634
106 121 240 5882.838634
106 121 239 5882.838634
106 121 239 5882.838634
106 121 167 5882.838634
106 121 129 5882.838634
106 121 170 5882.838634
106 121 144 5882.838634
106 121 129 5882.838634
106 121 129 5882.838634
106 121 145 5882.838634
106 121 170 5882.838634
106 121 239 5882.838634
106 121 239 5882.838634
106 121 200 5882.838634
106 121 129 5882.838634
106 121 129 5882.838634
106 121 214 5882.838634
107 121 211 5896.428134
107 121 129 5896.428134
107 121 129 5896.428134
107 121 129 5896.428134
107 121 156 5896.428134
107 121 242 5896.428134
107 121 239 5896.428134
107 121 239 5896.428134
107 121 159 5896.428134
107 121 239 5896.428134
107 121 129 5896.428134
107 121 239 5896.428134
107 121 144 5896.428134
107 121 129 5896.428134
107 121 239 5896.428134
107 121 239 5896.428134
107 121 210 5896.428134
107 121 129 5896.428134
107 121 129 5896.428134
107 121 129 5896.428134
108 121 129 5911.820688
108 121 133 5911.820688
108 121 166 5911.820688
108 121 165 5911.820688
108 121 129 5911.820688
108 121 239 5911.820688
108 121 129 5911.820688
108 121 239 5911.820688
108 121 129 5911.820688
108 121 239 5911.820688
108 121 129 5911.820688
108 121 129 5911.820688
108 121 239 5911.820688
108 121 140 5911.820688
108 121 129 5911.820688
108 121 239 5911.820688
108 121 239 5911.820688
108 121 239 5911.820688
108 121 129 5911.820688
108 121 129 5911.820688
109 121 239 5941.055381
109 121 168 5941.055381
109 121 129 5941.055381
109 121 140 5941.055381
109 121 210 5941.055381
109 121 239 5941.055381
109 121 129 5941.055381
109 121 194 5941.055381
109 121 239 5941.055381
109 121 129 5941.055381
109 121 205 5941.055381
109 121 129 5941.055381
109 121 129 5941.055381
109 121 192 5941.055381
109 121 129 5941.055381
109 121 227 5941.055381
109 121 170 5941.055381
109 121 129 5941.055381
109 121 129 5941.055381
109 121 129 5941.055381
110 121 214 5970.101942
110 121 200 5970.101942
110 121 129 5970.101942
110 121 252 5970.101942
110 121 201 5970.101942
110 121 129 5970.101942
110 121 239 5970.101942
110 121 239 5970.101942
110 121 129 5970.101942
110 121 140 5970.101942
110 121 140 5970.101942
110 121 239 5970.101942
110 121 129 5970.101942
110 121 177 5970.101942
110 121 129 5970.101942
110 121 129 5970.101942
110 121 129 5970.101942
110 121 239 5970.101942
110 121 129 5970.101942
110 121 133 5970.101942
111 121 170 5996.105982
111 121 129 5996.105982
111 121 168 5996.105982
111 121 239 5996.105982
111 121 129 5996.105982
111 121 140 5996.105982
111 121 239 5996.105982
111 121 156 5996.105982
111 121 129 5996.105982
111 121 129 5996.105982
111 121 129 5996.105982
111 121 205 5996.105982
111 121 239 5996.105982
111 121 129 5996.105982
111 121 239 5996.105982
111 121 239 5996.105982
111 121 170 5996.105982
111 121 140 5996.105982
111 121 165 5996.105982
111 121 156 5996.105982
112 121 129 6009.256337
112 121 223 6009.256337
112 121 129 6009.256337
112 121 129 6009.256337
112 121 129 6009.256337
112 121 214 6009.256337
112 121 239 6009.256337
112 121 239 6009.256337
112 121 239 6009.256337
112 121 239 6009.256337
112 121 214 6009.256337
112 121 129 6009.256337
112 121 129 6009.256337
112 121 129 6009.256337
112 121 129 6009.256337
112 121 129 6009.256337
112 121 239 6009.256337
112 121 239 6009.256337
112 121 170 6009.256337
112 121 133 6009.256337
113 121 129 6031.639035
113 121 133 6031.639035
113 121 239 6031.639035
113 121 144 6031.639035
113 121 239 6031.639035
113 121 129 6031.639035
113 121 129 6031.639035
113 121 129 6031.639035
113 121 168 6031.639035
113 121 133 6031.639035
113 121 140 6031.639035
113 121 140 6031.639035
113 121 219 6031.639035
113 121 140 6031.639035
113 121 221 6031.639035
113 121 129 6031.639035
113 121 129 6031.639035
113 121 129 6031.639035
113 121 194 6031.639035
113 121 235 6031.639035
114 121 239 6061.643920
114 121 239 6061.643920
114 121 129 6061.643920
114 121 129 6061.643920
114 121 239 6061.643920
114 121 129 6061.643920
114 121 275 6061.643920
114 121 234 6061.643920
114 121 239 6061.643920
114 121 239 6061.643920
114 121 129 6061.643920
114 121 129 6061.643920
114 121 133 6061.643920
114 121 172 6061.643920
114 121 129 6061.643920
114 121 129 6061.643920
114 121 239 6061.643920
114 121 239 6061.643920
114 121 129 6061.643920
114 121 129 6061.643920
115 121 173 6076.187984
115 121 173 6076.187984
115 121 129 6076.187984
115 121 239 6076.187984
115 121 170 6076.187984
115 121 129 6076.187984
115 121 239 6076.187984
115 121 129 6076.187984
115 121 129 6076.187984
115 121 173 6076.187984
115 121 129 6076.187984
115 121 129 6076.187984
115 121 129 6076.187984
115 121 168 6076.187984
115 121 174 6076.187984
115 121 129 6076.187984
115 121 129 6076.187984
115 121 172 6076.187984
115 121 133 6076.187984
115 121 129 6076.187984
116 121 170 6113.797897
116 121 140 6113.797897
116 121 129 6113.797897
116 121 129 6113.797897
116 121 218 6113.797897
116 121 239 6113.797897
116 121 129 6113.797897
116 121 129 6113.797897
116 121 129 6113.797897
116 121 167 6113.797897
116 121 168 6113.797897
116 121 200 6113.797897
116 121 129 6113.797897
116 121 233 6113.797897
116 121 133 6113.797897
116 121 165 6113.797897
116 121 129 6113.797897
116 121 239 6113.797897
116 121 129 6113.797897
116 121 129 6113.797897
117 121 129 6144.079509
117 121 239 6144.079509
117 121 239 6144.079509
117 121 129 6144.079509
117 121 129 6144.079509
117 121 140 6144.079509
117 121 129 6144.079509
117 121 256 6144.079509
117 121 129 6144.079509
117 121 239 6144.079509
117 121 239 6144.079509
117 121 129 6144.079509
117 121 129 6144.079509
117 121 129 6144.079509
117 121 129 6144.079509
117 121 129 6144.079509
117 121 239 6144.079509
117 121 129 6144.079509
117 121 214 6144.079509
117 121 239 6144.079509
118 121 129 6172.531503
118 121 129 6172.531503
118 121 129 6172.531503
118 121 239 6172.531503
118 121 129 6172.531503
118 121 242 6172.531503
118 121 239 6172.531503
118 121 239 6172.531503
118 121 129 6172.531503
118 121 129 6172.531503
118 121 240 6172.531503
118 121 129 6172.531503
118 121 170 6172.531503
118 121 239 6172.531503
118 121 129 6172.531503
118 121 239 6172.531503
118 121 129 6172.531503
118 121 129 6172.531503
118 121 129 6172.531503
118 121 129 6172.531503
119 121 170 6204.096895
119 121 151 6204.096895
119 121 129 6204.096895
119 121 129 6204.096895
119 121 173 6204.096895
119 121 218 6204.096895
119 121 129 6204.096895
119 121 284 6204.096895
119 121 239 6204.096895
119 121 140 6204.096895
119 121 234 6204.096895
119 121 239 6204.096895
119 121 129 6204.096895
119 121 239 6204.096895
119 121 129 6204.096895
119 121 239 6204.096895
119 121 129 6204.096895
119 121 239 6204.096895
119 121 239 6204.096895
119 121 140 6204.096895
120 121 129 6203.400245
120 121 239 6203.400245
120 121 239 6203.400245
120 121 168 6203.400245
120 121 129 6203.400245
120 121 129 6203.400245
120 121 129 6203.400245
120 121 129 6203.400245
120 121 133 6203.400245
120 121 239 6203.400245
120 121 239 6203.400245
120 121 129 6203.400245
120 121 242 6203.400245
120 121 239 6203.400245
120 121 129 6203.400245
120 121 129 6203.400245
120 121 239 6203.400245
120 121 133 6203.400245
120 121 129 6203.400245
120 121 220 6203.400245
121 121 239 6222.871337
121 121 239 6222.871337
121 121 129 6222.871337
121 121 239 6222.871337
121 121 129 6222.871337
121 121 173 6222.871337
121 121 214 6222.871337
121 121 129 6222.871337
121 121 239 6222.871337
121 121 167 6222.871337
121 121 129 6222.871337
121 121 129 6222.871337
121 121 129 6222.871337
121 121 227 6222.871337
121 121 140 6222.871337
121 121 239 6222.871337
121 121 140 6222.871337
121 121 129 6222.871337
121 121 129 6222.871337
121 121 133 6222.871337
122 121 239 6238.797023
122 121 144 6238.797023
122 121 165 6238.797023
122 121 129 6238.797023
122 121 129 6238.797023
122 121 140 6238.797023
122 121 239 6238.797023
122 121 129 6238.797023
122 121 239 6238.797023
122 121 239 6238.797023
122 121 129 6238.797023
122 121 173 6238.797023
122 121 129 6238.797023
122 121 129 6238.797023
122 121 129 6238.797023
122 121 223 6238.797023
122 121 138 6238.797023
122 121 170 6238.797023
122 121 170 6238.797023
122 121 239 6238.797023
123 121 239 6252.587233
123 121 129 6252.587233
123 121 129 6252.587233
123 121 129 6252.587233
123 121 129 6252.587233
123 121 129 6252.587233
123 121 239 6252.587233
123 121 129 6252.587233
123 121 242 6252.587233
123 121 239 6252.587233
123 121 129 6252.587233
123 121 239 6252.587233
123 121 129 6252.587233
123 121 129 6252.587233
123 121 133 6252.587233
123 121 239 6252.587233
123 121 239 6252.587233
123 121 129 6252.587233
123 121 129 6252.587233
123 121 133 6252.587233
124 121 239 6282.582903
124 121 239 6282.582903
124 121 129 6282.582903
124 121 133 6282.582903
124 121 129 6282.582903
124 121 129 6282.582903
124 121 129 6282.582903
124 121 239 6282.582903
124 121 133 6282.582903
124 121 239 6282.582903
124 121 129 6282.582903
124 121 133 6282.582903
124 121 167 6282.582903
124 121 129 6282.582903
124 121 211 6282.582903
124 121 239 6282.582903
124 121 129 6282.582903
124 121 129 6282.582903
124 121 129 6282.582903
124 121 129 6282.582903
125 121 170 6311.285002
125 121 140 6311.285002
125 121 170 6311.285002
125 121 168 6311.285002
125 121 129 6311.285002
125 121 236 6311.285002
125 121 129 6311.285002
125 121 129 6311.285002
125 121 254 6311.285002
125 121 239 6311.285002
125 121 239 6311.285002
125 121 211 6311.285002
125 121 129 6311.285002
125 121 205 6311.285002
125 121 129 6311.285002
125 121 173 6311.285002
125 121 129 6311.285002
125 121 129 6311.285002
125 121 133 6311.285002
125 121 170 6311.285002
126 121 133 6324.577542
126 121 167 6324.577542
126 121 239 6324.577542
126 121 239 6324.577542
126 121 167 6324.577542
126 121 173 6324.577542
126 121 239 6324.577542
126 121 239 6324.577542
126 121 242 6324.577542
126 121 129 6324.577542
126 121 170 6324.577542
126 121 129 6324.577542
126 121 129 6324.577542
126 121 129 6324.577542
126 121 165 6324.577542
126 121 239 6324.577542
126 121 140 6324.577542
126 121 239 6324.577542
126 121 236 6324.577542
126 121 129 6324.577542
127 121 129 6314.458166
127 121 239 6314.458166
127 121 129 6314.458166
127 121 239 6314.458166
127 121 239 6314.458166
127 121 129 6314.458166
127 121 129 6314.458166
127 121 129 6314.458166
127 121 239 6314.458166
127 121 129 6314.458166
127 121 211 6314.458166
127 121 239 6314.458166
127 121 129 6314.458166
127 121 129 6314.458166
127 121 129 6314.458166
127 121 239 6314.458166
127 121 214 6314.458166
127 121 129 6314.458166
127 121 129 6314.458166
127 121 129 6314.458166
128 121 129 6341.345982
128 121 239 6341.345982
128 121 129 6341.345982
128 121 239 6341.345982
128 121 129 6341.345982
128 121 239 6341.345982
128 121 239 6341.345982
128 121 129 6341.345982
128 121 129 6341.345982
128 121 257 6341.345982
128 121 129 6341.345982
128 121 129 6341.345982
128 121 173 6341.345982
128 121 170 6341.345982
128 121 250 6341.345982
128 121 129 6341.345982
128 121 239 6341.345982
128 121 129 6341.345982
128 121 129 6341.345982
128 121 140 6341.345982
129 121 129 6359.534283
129 121 129 6359.534283
129 121 129 6359.534283
129 121 223 6359.534283
129 121 219 6359.534283
129 121 239 6359.534283
129 121 239 6359.534283
129 121 239 6359.534283
129 121 239 6359.534283
129 121 129 6359.534283
129 121 239 6359.534283
129 121 129 6359.534283
129 121 239 6359.534283
129 121 129 6359.534283
129 121 174 6359.534283
129 121 129 6359.534283
129 121 129 6359.534283
129 121 239 6359.534283
129 121 239 6359.534283
129 121 129 6359.534283
130 121 129 6361.027181
130 121 239 6361.027181
130 121 129 6361.027181
130 121 129 6361.027181
130 121 239 6361.027181
130 121 239 6361.027181
130 121 239 6361.027181
130 121 129 6361.027181
130 121 129 6361.027181
130 121 239 6361.027181
130 121 129 6361.027181
130 121 167 6361.027181
130 121 129 6361.027181
130 121 129 6361.027181
130 121 133 6361.027181
130 121 129 6361.027181
130 121 239 6361.027181
130 121 129 6361.027181
130 121 174 6361.027181
130 121 239 6361.027181
131 121 129 6377.558588
131 121 129 6377.558588
131 121 239 6377.558588
131 121 239 6377.558588
131 121 239 6377.558588
131 121 239 6377.558588
131 121 129 6377.558588
131 121 267 6377.558588
131 121 239 6377.558588
131 121 174 6377.558588
131 121 133 6377.558588
131 121 129 6377.558588
131 121 129 6377.558588
131 121 140 6377.558588
131 121 170 6377.558588
131 121 133 6377.558588
131 121 129 6377.558588
131 121 129 6377.558588
131 121 133 6377.558588
131 121 129 6377.558588
132 121 239 6394.836000
132 121 129 6394.836000
132 121 236 6394.836000
132 121 129 6394.836000
132 121 129 6394.836000
132 121 133 6394.836000
132 121 239 6394.836000
132 121 173 6394.836000
132 121 129 6394.836000
132 121 129 6394.836000
132 121 129 6394.836000
132 121 129 6394.836000
132 121 214 6394.836000
132 121 129 6394.836000
132 121 129 6394.836000
132 121 129 6394.836000
132 121 129 6394.836000
132 121 239 6394.836000
132 121 129 6394.836000
132 121 129 6394.836000
133 121 129 6437.269210
133 121 129 6437.269210
133 121 239 6437.269210
133 121 239 6437.269210
133 121 172 6437.269210
133 121 129 6437.269210
133 121 129 6437.269210
133 121 239 6437.269210
133 121 129 6437.269210
133 121 129 6437.269210
133 121 129 6437.269210
133 121 140 6437.269210
133 121 129 6437.269210
133 121 129 6437.269210
133 121 129 6437.269210
133 121 175 6437.269210
133 121 287 6437.269210
133 121 239 6437.269210
133 121 205 6437.269210
133 121 144 6437.269210
134 121 129 6459.399001
134 121 239 6459.399001
134 121 172 6459.399001
134 121 129 6459.399001
134 121 129 6459.399001
134 121 239 6459.399001
134 121 129 6459.399001
134 121 133 6459.399001
134 121 144 6459.399001
134 121 129 6459.399001
134 121 129 6459.399001
134 121 239 6459.399001
134 121 168 6459.399001
134 121 129 6459.399001
134 121 178 6459.399001
134 121 239 6459.399001
134 121 239 6459.399001
134 121 129 6459.399001
134 121 190 6459.399001
134 121 129 6459.399001
135 121 140 6478.078553
135 121 129 6478.078553
135 121 239 6478.078553
135 121 239 6478.078553
135 121 129 6478.078553
135 121 129 6478.078553
135 121 129 6478.078553
135 121 214 6478.078553
135 121 129 6478.078553
135 121 170 6478.078553
135 121 239 6478.078553
135 121 129 6478.078553
135 121 129 6478.078553
135 121 129 6478.078553
135 121 133 6478.078553
135 121 133 6478.078553
135 121 129 6478.078553
135 121 129 6478.078553
135 121 239 6478.078553
135 121 129 6478.078553
136 121 129 6514.412795
136 121 239 6514.412795
136 121 129 6514.412795
136 121 129 6514.412795
136 121 239 6514.412795
136 121 129 6514.412795
136 121 129 6514.412795
136 121 239 6514.412795
136 121 129 6514.412795
136 121 129 6514.412795
136 121 129 6514.412795
136 121 129 6514.412795
136 121 214 6514.412795
136 121 129 6514.412795
136 121 170 6514.412795
136 121 152 6514.412795
136 121 239 6514.412795
136 121 129 6514.412795
136 121 214 6514.412795
136 121 129 6514.412795
137 121 260 6545.682335
137 121 239 6545.682335
137 121 129 6545.682335
137 121 239 6545.682335
137 121 133 6545.682335
137 121 129 6545.682335
137 121 133 6545.682335
137 121 129 6545.682335
137 121 129 6545.682335
137 121 129 6545.682335
137 121 129 6545.682335
137 121 152 6545.682335
137 121 129 6545.682335
137 121 129 6545.682335
137 121 129 6545.682335
137 121 129 6545.682335
137 121 129 6545.682335
137 121 129 6545.682335
137 121 129 6545.682335
137 121 129 6545.682335
138 121 239 6595.529621
138 121 239 6595.529621
138 121 140 6595.529621
138 121 129 6595.529621
138 121 239 6595.529621
138 121 129 6595.529621
138 121 239 6595.529621
138 121 129 6595.529621
138 121 239 6595.529621
138 121 239 6595.529621
138 121 173 6595.529621
138 121 167 6595.529621
138 121 242 6595.529621
138 121 239 6595.529621
138 121 173 6595.529621
138 121 187 6595.529621
138 121 170 6595.529621
138 121 165 6595.529621
138 121 239 6595.529621
138 121 239 6595.529621
139 121 239 6557.331306
139 121 170 6557.331306
139 121 129 6557.331306
139 121 239 6557.331306
139 121 129 6557.331306
139 121 129 6557.331306
139 121 140 6557.331306
139 121 184 6557.331306
139 121 129 6557.331306
139 121 239 6557.331306
139 121 239 6557.331306
139 121 239 6557.331306
139 121 185 6557.331306
139 121 129 6557.331306
139 121 178 6557.331306
139 121 129 6557.331306
139 121 129 6557.331306
139 121 239 6557.331306
139 121 239 6557.331306
139 121 129 6557.331306
140 121 129 6558.617604
140 121 239 6558.617604
140 121 173 6558.617604
140 121 129 6558.617604
140 121 239 6558.617604
140 121 170 6558.617604
140 121 129 6558.617604
140 121 239 6558.617604
140 121 129 6558.617604
140 121 129 6558.617604
140 121 239 6558.617604
140 121 239 6558.617604
140 121 129 6558.617604
140 121 239 6558.617604
140 121 158 6558.617604
140 121 129 6558.617604
140 121 129 6558.617604
140 121 133 6558.617604
140 121 165 6558.617604
140 121 129 6558.617604
141 121 144 6569.527296
141 121 239 6569.527296
141 121 129 6569.527296
141 121 173 6569.527296
141 121 129 6569.527296
141 121 239 6569.527296
141 121 129 6569.527296
141 121 129 6569.527296
141 121 239 6569.527296
141 121 239 6569.527296
141 121 239 6569.527296
141 121 239 6569.527296
141 121 173 6569.527296
141 121 185 6569.527296
141 121 239 6569.527296
141 121 239 6569.527296
141 121 239 6569.527296
141 121 129 6569.527296
141 121 239 6569.527296
141 121 239 6569.527296
142 121 242 6541.481921
142 121 133 6541.481921
142 121 239 6541.481921
142 121 205 6541.481921
142 121 239 6541.481921
142 121 129 6541.481921
142 121 239 6541.481921
142 121 129 6541.481921
142 121 240 6541.481921
142 121 239 6541.481921
142 121 129 6541.481921
142 121 241 6541.481921
142 121 140 6541.481921
142 121 129 6541.481921
142 121 129 6541.481921
142 121 129 6541.481921
142 121 129 6541.481921
142 121 129 6541.481921
142 121 239 6541.481921
142 121 129 6541.481921
143 121 129 6548.119427
143 121 129 6548.119427
143 121 129 6548.119427
143 121 239 6548.119427
143 121 239 6548.119427
143 121 129 6548.119427
143 121 129 6548.119427
143 121 129 6548.119427
143 121 239 6548.119427
143 121 239 6548.119427
143 121 140 6548.119427
143 121 129 6548.119427
143 121 239 6548.119427
143 121 182 6548.119427
143 121 140 6548.119427
143 121 129 6548.119427
143 121 129 6548.119427
143 121 129 6548.119427
143 121 129 6548.119427
143 121 129 6548.119427
144 121 133 6579.338988
144 121 129 6579.338988
144 121 239 6579.338988
144 121 129 6579.338988
144 121 170 6579.338988
144 121 239 6579.338988
144 121 129 6579.338988
144 121 129 6579.338988
144 121 239 6579.338988
144 121 129 6579.338988
144 121 129 6579.338988
144 121 239 6579.338988
144 121 239 6579.338988
144 121 129 6579.338988
144 121 239 6579.338988
144 121 239 6579.338988
144 121 140 6579.338988
144 121 129 6579.338988
144 121 239 6579.338988
144 121 129 6579.338988
145 121 129 6588.003548
145 121 140 6588.003548
145 121 239 6588.003548
145 121 129 6588.003548
145 121 129 6588.003548
145 121 239 6588.003548
145 121 239 6588.003548
145 121 239 6588.003548
145 121 129 6588.003548
145 121 239 6588.003548
145 121 239 6588.003548
145 121 239 6588.003548
145 121 239 6588.003548
145 121 137 6588.003548
145 121 129 6588.003548
145 121 239 6588.003548
145 121 239 6588.003548
145 121 133 6588.003548
145 121 239 6588.003548
145 121 129 6588.003548
146 121 239 6572.318322
146 121 239 6572.318322
146 121 239 6572.318322
146 121 129 6572.318322
146 121 129 6572.318322
146 121 239 6572.318322
146 121 129 6572.318322
146 121 239 6572.318322
146 121 129 6572.318322
146 121 239 6572.318322
146 121 239 6572.318322
146 121 140 6572.318322
146 121 140 6572.318322
146 121 239 6572.318322
146 121 129 6572.318322
146 121 140 6572.318322
146 121 167 6572.318322
146 121 239 6572.318322
146 121 239 6572.318322
146 121 239 6572.318322
147 121 239 6549.297337
147 121 168 6549.297337
147 121 190 6549.297337
147 121 239 6549.297337
147 121 129 6549.297337
147 121 165 6549.297337
147 121 129 6549.297337
147 121 239 6549.297337
147 121 172 6549.297337
147 121 140 6549.297337
147 121 239 6549.297337
147 121 164 6549.297337
147 121 129 6549.297337
147 121 140 6549.297337
147 121 133 6549.297337
147 121 129 6549.297337
147 121 129 6549.297337
147 121 239 6549.297337
147 121 239 6549.297337
147 121 129 6549.297337
148 121 239 6546.142938
148 121 239 6546.142938
148 121 129 6546.142938
148 121 129 6546.142938
148 121 129 6546.142938
148 121 239 6546.142938
148 121 129 6546.142938
148 121 214 6546.142938
148 121 129 6546.142938
148 121 239 6546.142938
148 121 129 6546.142938
148 121 129 6546.142938
148 121 239 6546.142938
148 121 239 6546.142938
148 121 239 6546.142938
148 121 129 6546.142938
148 121 186 6546.142938
148 121 129 6546.142938
148 121 129 6546.142938
148 121 133 6546.142938
149 121 129 6559.866695
149 121 129 6559.866695
149 121 129 6559.866695
149 121 239 6559.866695
149 121 170 6559.866695
149 121 174 6559.866695
149 121 129 6559.866695
149 121 239 6559.866695
149 121 129 6559.866695
149 121 165 6559.866695
149 121 167 6559.866695
149 121 239 6559.866695
149 121 239 6559.866695
149 121 129 6559.866695
149 121 239 6559.866695
149 121 129 6559.866695
149 121 129 6559.866695
149 121 133 6559.866695
149 121 239 6559.866695
149 121 140 6559.866695
